position: 
  x: 0.07699780374283281
  y: 0.007512710665922563
  z: 0.5500004350359926
orientation: 
  x: -1.4955703983557446e-06
  y: -3.0468628418783536e-07
  z: 0.003609588601701351
  w: 0.9999934854126786
---
